5.822198070482297316e-01 8.136620949796928848e-01 1.564322859248503672e-01 9.494055301953617798e-01 9.261805618716963950e-01 3.872786607929260549e-01 5.464674744384043770e-01 4.762166235732323005e-01 2.464675442981541786e-01 6.725784455383692073e-01 7.688821936194010220e-01 4.712122966500973953e-01
7.655695278562707484e-01 6.531111657862963549e-01 1.615383812745731784e-01 1.006951579572603894e-01 4.314006650715738744e-01 8.678801387159845726e-01 5.196072633610687719e-01 1.464095505864426994e-01 2.930456422575539177e-01 3.947689003716379763e-01 7.533072655354988711e-01 4.366929557573955845e-01
3.924359868940914264e-01 7.992853222551798975e-01 1.353115215054930820e-01 7.959566704706882989e-01 2.081046350983168647e-01 4.211383717459357134e-01 9.218783540736257276e-01 5.526746479307355076e-01 9.286839860221446363e-01 7.064791935941976408e-01 4.006969937924586556e-01 6.046797865216591017e-01
1.436683666455035036e-01 2.709757728464384785e-01 4.019503713548115698e-02 1.311186173902686991e-01 1.232272340274030153e-01 2.736102889126465487e-01 7.839439728635337890e-01 9.325836999044692099e-01 7.027847476512854019e-01 9.268372682552724617e-01 6.242196148459115967e-01 7.310388629057815724e-01
8.709360706421092058e-01 9.564181526773011255e-01 1.413112423496348247e-01 8.676994346397712832e-01 1.145167324163180872e-01 5.973282456028962129e-01 6.822388462976547441e-01 3.401615537790500521e-01 6.684720946142579390e-01 8.515983938964326594e-01 9.748931251416166621e-02 4.678829398504203430e-01
7.868839246791311526e-01 7.922556501169958354e-01 9.716423690198164875e-01 8.725542101685191954e-01 9.035334604609611686e-01 5.944123112678940668e-01 7.023645514539144097e-01 2.393042843895901162e-01 2.009217604583022343e-01 6.395519835702884182e-01 4.070837790981405302e-01 8.898621046080376074e-01
6.412246304114046502e-01 6.101377994249896908e-01 6.048149847287647152e-01 4.251786520477247588e-01 6.820081744254765654e-01 8.183394906142990033e-01 6.203420063456163147e-01 8.980347793076730589e-01 4.099687676599857444e-01 9.348365183630204245e-02 2.234510111000523047e-01 7.852495085332823477e-01
3.335171986163511515e-01 8.987233624249775232e-01 1.839885170984949248e-01 2.753889431985950265e-01 1.964626813307298048e-01 4.415794981050936152e-01 2.807764413579781904e-01 4.467164252253627565e-02 6.453155626384008414e-01 9.508241796194746298e-01 4.910155659608024803e-01 7.357553225589474888e-01
9.055635985122774123e-01 8.805124211951429469e-01 9.736532846352973225e-01 3.713542383868541352e-02 2.353574545712599220e-01 4.474108588336352943e-01 6.684514814706892238e-01 2.892452409217071141e-01 7.074074092498345845e-01 1.172151367750435408e-01 7.898433462778284841e-01 4.752362745923421339e-01
8.171786761272483712e-01 5.690774963646719753e-01 3.110078039991958088e-01 3.392731931026256587e-01 5.536763509868362076e-01 7.344337264277454036e-01 3.134469329281093231e-01 1.762839207105837691e-01 7.060489604302165600e-02 9.548882333929561428e-01 7.294874444183632178e-01 2.856990457589135834e-01
1.787339113856025730e-01 1.405360771426365507e-01 3.559460023340688672e-01 7.730667790638559023e-01 8.290563992005414162e-01 2.442914530180109456e-01 9.089676517362276220e-01 7.146565320332589621e-01 3.401604378284879826e-01 4.315247765963652338e-01 5.549974187694980965e-02 9.734622544620259443e-01
8.333694601409210589e-01 6.142834860544701403e-01 4.445038013573324731e-01 2.062033760826755824e-01 9.250358975489622049e-01 7.449642375146301454e-01 7.193324034232564390e-01 7.638665920650308250e-01 8.960059365104944360e-04 5.238350562237088504e-01 2.861181743099268093e-01 nan
3.141960013217033887e-01 1.839887053375149351e-01 2.131689471060283642e-02 2.604335420138316204e-01 9.588151665893421827e-01 4.377804240587540030e-01 4.123445970793365167e-01 2.780212693209271890e-01 4.711934109142300042e-01 1.783839714388249509e-01 4.505164887379365934e-01 8.025085798491000677e-01
6.387904747600244848e-01 3.423945272767070502e-01 4.631984887282532964e-02 3.686697988057140440e-01 5.010863312058788654e-01 4.444792907896059631e-01 4.257720144728880940e-01 7.423234397592312073e-01 9.493801684002215469e-01 6.921622630195034542e-01 5.121693181946147533e-01 1.599410176841634112e-01
5.939409301858648016e-01 1.925028362481193134e-01 1.554165787396129539e-01 8.114249051039345018e-01 8.571574264599467474e-01 5.801767802195181289e-01 7.194376660311401217e-01 8.574251857432456658e-01 8.235735649954988025e-02 5.708740333758680618e-01 1.929548934730593301e-01 5.865097263107359460e-01
4.501080878992321788e-01 4.602360710248051823e-01 1.058763328928167963e-01 1.035422431352030492e-01 6.706344457297798156e-01 5.304659909474067625e-01 2.568959744518378718e-01 4.524404800990494135e-01 4.410127056341097140e-01 9.664662679880173801e-01 1.334873134591136601e-01 9.145764584877792702e-02
1.349439243406504452e-01 nan 4.832854136179648430e-02 7.196381250426383547e-01 9.308630488423093041e-01 2.781001306641605053e-01 8.437697438366085212e-01 4.315412025474629210e-01 2.601783231529835594e-01 5.476355975552389399e-01 9.771734110064183021e-01 6.483226855255751486e-01
8.985449928944528875e-01 7.249606473360812320e-01 5.874911869880888871e-01 8.770603721010199472e-01 9.150555139380053271e-01 4.627640933006182400e-01 3.060737330046711668e-01 6.199418502414356935e-02 5.509742778393369456e-01 8.541183301963748420e-01 9.835278628014829660e-01 3.163982740018961848e-01
6.893683127073279016e-01 6.245649127885808394e-01 3.838938301429304367e-01 8.438647635503344624e-01 8.410768990731046779e-01 4.407984628561366636e-01 5.342769970027175935e-02 1.965015932613494998e-01 1.865670712039036450e-01 1.448205128270111108e-01 9.577569243791382858e-01 2.450022759325293231e-01
6.335271584284530855e-01 4.993966217708802890e-01 1.124088862418092805e-01 9.906187674388057252e-01 7.067433505926697945e-01 2.344951597184932734e-01 9.476801388277242832e-01 2.459207459171978971e-02 5.982611555185567420e-01 7.745914205760975335e-01 8.297304234224730513e-01 8.977164024332093817e-01
8.024964649609519496e-01 7.749181590543912090e-01 2.466188134921342145e-01 3.400539798163735306e-01 7.182872340876971240e-01 8.025969518162052729e-01 8.025951649938908306e-01 7.053213526131224542e-03 4.606636909065021102e-01 6.218309565789041926e-01 6.246285435838356825e-01 3.830067715648182713e-01
4.091001605594054014e-01 5.166064332901209033e-01 2.921822948095408393e-02 8.213020911388313472e-01 6.425596778471667214e-01 7.095306712357487555e-01 8.456730526615903187e-01 3.013472740763930430e-02 1.882470032060957338e-02 9.353058139157170991e-01 6.847129828031031096e-01 1.312580028251964792e-01
3.080582092663486371e-01 1.272500765211597440e-01 7.199654349452047075e-01 6.288376233499662904e-01 3.002352493344988549e-01 4.134695591679847793e-01 6.299113182905085040e-01 3.539245135108000651e-01 8.623779804827692574e-01 6.515288334126250192e-01 nan 1.757678153631105078e-01
6.286051643924314147e-01 1.323928835170393170e-01 4.895758973799749225e-01 9.267667823793774851e-01 3.877726291329602337e-01 5.447046583225463312e-01 4.468999865540494443e-01 5.445353262286069945e-02 2.607883223027048780e-01 7.298039441877303135e-01 2.515572334814294986e-01 6.177245218256232073e-01
5.688277066653207870e-01 7.137331013352359310e-01 7.200486827161682868e-01 5.597758085798689720e-01 8.210837424940686802e-01 6.666243813384319372e-01 1.478800381540203435e-01 7.224782786922507860e-01 2.224008822711909597e-02 2.033795447930043798e-01 4.826828728764933074e-01 3.018141845120546618e-01
5.096212904580709191e-01 5.885847512820006067e-01 6.418345120051444086e-02 8.800014068844007609e-01 9.980700549759234930e-01 1.092039736158469942e-01 9.135975143027812440e-01 nan 7.767096948968129633e-01 5.642927110482084396e-01 8.058491940280574362e-01 6.269361366616151843e-01
nan 6.721723326947188770e-01 8.485243304137716214e-01 9.738642369027644685e-02 5.298805379071066524e-01 6.494259362385886025e-02 3.210686108004169870e-01 6.739495729459819839e-02 nan 9.841953567576311457e-01 8.420008719669277997e-02 2.668720742447498462e-01
3.281585083689080862e-01 2.576552552017223330e-01 1.211176807369957441e-02 6.456326831910017550e-01 9.404706159689862899e-01 5.766631989607741149e-01 6.293429969185744266e-01 7.240134319248254791e-01 9.064989819096491708e-01 9.957222228098705497e-01 7.201001486668962004e-01 5.130195557337414725e-01
nan 2.962221759098808138e-01 5.392766751403453573e-02 9.139288679180995745e-01 8.278857382095793360e-01 5.497551816952435111e-01 6.513921520628025430e-01 4.525057110197779897e-01 3.267990987094017696e-01 4.810634663932537025e-01 4.235841050044875968e-03 2.098979913219031768e-02
8.900478408533507579e-01 6.524816388770219300e-01 4.061536192603333595e-02 9.006489929015373264e-01 4.981189188911280263e-01 1.222825844645969579e-01 7.525476385571564508e-01 4.115374027715879568e-01 1.599508708639693910e-01 8.580361061217078866e-01 2.759914222851106089e-02 2.150598222740022769e-01
9.245855788592393099e-01 4.250358645265513990e-01 7.332165966345323138e-01 6.040207304738760552e-01 9.672482303432434758e-01 4.066093419994612490e-01 2.711697538903578564e-01 8.049587724974388570e-01 nan nan 7.198924163197069070e-01 9.413187963158253790e-01
9.552716745931524311e-01 5.129232628231716884e-02 1.715283522818304707e-02 6.450065899737514874e-01 3.448663983722219939e-01 6.333218638340811779e-01 9.256275801755665666e-01 9.287930890222707569e-01 9.363908906012318178e-01 6.246435366361711150e-01 4.939222327102944510e-01 nan
4.565927116320179224e-01 7.624235336212259462e-01 1.537692876987887813e-01 6.125190117813268387e-01 7.005346233451412163e-02 1.805547250516059965e-01 6.492048853689251775e-01 1.106194959928846477e-01 3.149590757018120857e-01 8.175132831928970667e-01 3.068702067241648179e-01 1.769706183762996821e-01
2.638134531741156974e-01 6.173847959298485177e-01 3.505775542596074601e-01 2.012675492592637394e-01 5.768507667171566267e-01 3.533942712149976684e-01 7.070130477844567274e-01 8.788381930414003174e-01 8.146984073715329844e-01 4.930233339754803157e-01 2.813806047289307832e-01 6.654364014252471815e-01
4.740958673747570074e-01 4.552302215134111374e-01 3.936380289545841626e-01 4.818162416241151824e-01 7.434939434264578040e-01 3.959931484347236630e-01 5.258741238664640383e-01 3.927900552642398790e-01 8.203556148916884005e-01 9.475422570082587814e-01 3.784858461857139034e-01 7.194501436769298319e-01
7.911181114530354552e-01 6.198405673611486755e-01 7.356011834270665961e-01 8.814305788611995762e-01 7.232071920636289342e-01 8.730009358084434012e-01 2.901582273208009322e-01 1.525727064034018976e-01 4.891056896223202471e-02 7.768603610607580645e-01 2.252477446130525529e-01 4.949235110227592771e-01
9.496037137946684581e-01 5.388299567897956166e-01 8.421271865956180269e-01 9.771083054738936013e-01 3.302793567184093004e-01 6.056632923693918563e-02 8.919759806735103047e-02 3.217908555852585974e-03 6.879070689708388642e-01 6.393475071751082428e-01 3.545775106487032979e-01 1.613724098527664630e-01
8.054876795220625718e-01 1.817327399775494068e-01 1.760438111423212326e-01 3.830445086988812364e-01 9.968489740529151710e-01 6.193646671765593581e-01 1.192487132094780522e-01 7.908241719330995068e-01 1.202853901955239363e-01 8.842682875350791338e-01 7.821232105422319947e-01 2.365147055782639007e-01
5.545137523928762580e-01 6.621725893175928190e-02 6.734721728552306441e-01 9.779576337778662642e-01 7.353455646187594397e-01 1.758362835986087003e-01 8.232435662030561652e-01 6.710623979689999130e-01 2.629342639391425013e-03 9.868545875528830225e-01 3.818457254085172448e-01 6.118324602083482361e-02
6.155802310634062025e-01 4.011626662944654531e-01 3.233726123816448861e-01 7.341987513275876065e-01 9.999968213066197098e-01 4.405368376063549252e-01 2.953222456893236370e-01 2.668202159528346717e-01 6.914485097256992674e-01 3.084193963136633854e-01 3.455633576341424207e-02 1.083816998724274755e-01
9.111397904832509165e-02 1.452644439518075703e-01 3.206218122814905730e-02 9.248262417061429153e-01 4.099892042280435245e-01 5.934804930752461960e-01 7.123874754459571523e-01 1.499041057436337754e-01 9.533193487279951750e-01 6.662503494988469832e-01 7.841496019150462349e-01 3.284775901351513205e-01
7.703081021536182238e-01 8.664375447383787510e-01 8.033212423271938185e-01 2.204363001990479187e-01 8.429052626027819795e-01 8.923101588385596861e-01 9.187459661861073767e-01 9.109752745147418063e-01 2.025370368799694620e-01 7.332633444362482988e-01 6.115886538211076084e-01 3.645113761933528873e-01
4.231867295217236480e-01 7.577644808419738975e-01 7.632809792353778544e-01 2.446330725035726072e-01 7.391477011945665199e-01 4.086461838986263362e-01 5.848256832547228390e-01 5.022252162197453629e-01 8.116835161159441370e-01 6.241787615689582402e-01 2.248710334528163934e-01 2.207545329392348599e-01
5.054369914315803847e-01 2.922801052177991243e-01 6.798041063911430815e-02 1.045796348397897285e-01 6.158154374578559409e-01 2.591586160409160011e-01 6.624619428003847288e-01 nan 6.443960263819792367e-02 4.850566139168829838e-01 4.363308652426200474e-01 2.864382837864080100e-01
6.786102802969279368e-01 3.869691055280760628e-01 2.048596109959448242e-01 5.847529361593850616e-01 5.524137544567222502e-01 2.982793766132882940e-01 8.356133496150337514e-01 1.883172194014181011e-01 9.313599206196446212e-02 9.148659445738407392e-01 2.305090190087068780e-01 7.844461007818830378e-01
5.608750988359680889e-01 5.695094784573391244e-01 5.008875264982236564e-01 4.186460364462666339e-01 2.093921077707740219e-01 2.612157531520242770e-01 8.171426286767495828e-01 5.390584400325971748e-01 9.907352586077403656e-01 3.152412543967517689e-01 1.725085876710190924e-01 8.562875636697491188e-01
8.349607624559522989e-01 9.110444223197518010e-01 9.090386427813982317e-01 9.956354291540463475e-01 8.599045468179396245e-02 3.996977246848226195e-01 9.048191534796102831e-01 nan 3.390329356617191592e-01 6.122870747332409547e-01 8.370641266086338295e-01 7.715736281421559095e-01
6.023930494082406772e-01 6.228233501877893374e-01 4.421134023805238789e-01 9.952832841359169347e-01 4.239320614486597472e-01 8.106752667173066085e-01 6.604975019537796365e-05 3.389246512012186047e-02 1.241279243878602168e-01 3.191842761479158352e-01 4.904733343209984886e-01 9.301786640535274486e-01
5.129674246692113027e-01 1.685250915641416936e-01 2.151901889601125217e-01 2.249125488005886409e-01 4.293102406423607853e-01 1.700614443090818217e-01 7.824044484896689466e-01 3.968361789893760094e-01 2.849687841649963804e-01 9.257397809596564775e-01 9.167559584931033179e-01 1.368207315659819290e-01
6.344398705469200817e-01 nan 1.741969754956347316e-01 1.634789252613559063e-01 7.980195079955797466e-01 7.971020127146703771e-02 9.148075222075351398e-01 2.094855481005818976e-01 2.962806743924285557e-01 7.531126161131606045e-01 nan 2.683779089502090209e-01
7.479331700324376442e-01 6.621725893175928190e-02 4.312026641367067842e-02 3.253128832277208948e-01 1.040023578379648261e-01 7.400239787491996735e-02 5.548113068881987964e-01 6.710623979689999130e-01 8.403113814546303573e-01 8.392879053403361489e-01 3.441027154013818756e-01 4.681799455412598010e-01
4.030687150720514977e-01 3.730727061113937038e-01 5.701222672329560037e-01 3.758028110153128210e-01 8.594184652515471923e-01 4.833820689773283275e-01 8.145360697517086690e-01 1.615090782404309255e-01 3.296836374988105778e-01 4.245527988195249014e-01 7.689705848727045323e-01 7.982505802360050362e-01
6.241253067796000975e-01 7.350032752461850283e-01 4.016930852062691737e-01 5.584686914872175612e-01 5.998013285603129852e-01 8.839577544776674456e-01 9.466269272954048741e-01 8.146539568276163212e-01 3.569156038971695866e-01 9.798938303863135024e-01 6.884723951334733583e-01 8.237465035310728156e-01
8.171786761272483712e-01 1.955247129526142547e-01 4.638943171144562783e-01 7.711081541764452929e-01 3.464081316619945228e-01 1.524153290794224569e-01 7.147867026078218444e-01 7.812268422644262911e-01 9.645589214355154706e-01 8.891741863719149208e-01 1.345646837004929597e-01 3.459188649172520447e-01
nan 1.504600179052246745e-01 3.555956349545545958e-01 8.501917516288683974e-01 7.086516046782617151e-01 4.568037657999885481e-01 9.763533580922997279e-01 5.964669576652719130e-01 6.735695266221529698e-01 9.316115659663690707e-01 8.522443763737941325e-01 6.759483360321050238e-01
3.033112197923322761e-01 4.474140129421214640e-01 1.965420251510428540e-01 5.673833752659367402e-01 4.279698397866010251e-01 2.737622716212410184e-02 8.440516457859595922e-01 5.307216600085419289e-01 1.143533939438197283e-01 9.340509506616109237e-01 2.870888748543678481e-01 7.593371373441097916e-01
2.826390290210427092e-01 5.404943227749812173e-01 2.831179610012279219e-02 9.820311883676140496e-01 1.554427300841232373e-01 6.052715656770762259e-02 7.366531825657787191e-01 5.683466886401021823e-01 9.064080102147141493e-02 6.865657424747785287e-01 9.173201436286400334e-02 4.395779634952879517e-02
2.145197114884212775e-01 7.136144307479410642e-01 6.634898173909575814e-01 5.431375012816667125e-01 3.147262095970497775e-01 2.136763929566052600e-01 7.548136144588285523e-01 3.909067382149504222e-01 3.502226565661650803e-02 9.542540111641895084e-01 9.694028064725371263e-02 1.403103759827721564e-01
9.187653349791952140e-01 6.446843895591334306e-01 1.534033473330218000e-01 4.791216881282800988e-01 1.155556842579084781e-01 8.501293866428765167e-01 8.786593761069043662e-01 5.409952329184316566e-01 7.769782143963002152e-01 8.355402324147744864e-01 3.856097801858862639e-01 3.913470836302863076e-01
4.774808944441100711e-01 7.751449118079762890e-01 7.480141148334555901e-01 9.848899454449029367e-01 9.311884384210469268e-01 6.063154887032591311e-01 7.241274100811243564e-01 3.505802203861988486e-01 5.805543945248733406e-01 3.740355731434454323e-01 6.111663568496067400e-01 1.642123930587111869e-01
2.618145552911963492e-01 1.229552607458194030e-01 7.289096566800970511e-02 5.646921426984026215e-01 3.999820416520388222e-01 8.437645936410292924e-01 7.162914818276784334e-01 6.242905735885097979e-02 4.408284989574609014e-01 3.584445867407597963e-01 8.529643156263057302e-02 7.032067199504890009e-01
2.733331415528331698e-01 3.621912552815603203e-01 1.077876081865571621e-02 4.293898021741357485e-01 1.314201902687140155e-01 1.604012908353830424e-01 3.113526344128947007e-02 1.533565451933550372e-01 5.159248841996924018e-01 7.082594803215488399e-01 3.441664314366427863e-02 2.115193745699878447e-01
6.967356601540510008e-02 8.643906536685351805e-01 4.163506516809559188e-01 7.387122163918597995e-01 8.495643222258826288e-01 1.380358975654660814e-01 7.107638125004890339e-01 5.908480101877002788e-01 4.338795079786961217e-01 7.514283534229826422e-01 4.696077186402642933e-01 8.869589514923501561e-01
9.760418372500690998e-01 4.842920310246838222e-01 9.869206976611912818e-01 2.758195808141193917e-01 9.980328225977374013e-01 6.556780362423266784e-01 8.574678363710793727e-01 3.557027480243559192e-01 1.232449158123314209e-01 6.016559245672989942e-01 4.026960056548872791e-01 9.624196307453533050e-01
4.452927640771369155e-01 6.138199493634098891e-01 8.676839914751074412e-01 2.245044655744616313e-01 9.707027630333918689e-01 7.665604726964918569e-01 9.163244232382876664e-01 3.927900552642398790e-01 7.806424379852047180e-01 9.414461782051868344e-01 8.726115121490074511e-01 5.934859634494369374e-01
9.208220389824078866e-02 6.513566278689304490e-01 6.062038052516990905e-02 9.874163139010153634e-01 9.895155860435232986e-01 5.408677434582206400e-01 8.101911950571757393e-01 6.124605096046424890e-01 9.817658226540003641e-01 7.854358227775016799e-01 6.163833799840363614e-01 8.363928748198977414e-02
7.719953039747292634e-01 4.599185779972069232e-01 1.718792583900798643e-01 3.968449780435939767e-02 8.860158733798725317e-01 2.057507159872395963e-01 1.820018069066594527e-03 6.601456556786600149e-02 4.586149334458362349e-04 5.275753845764643568e-01 2.173875983616982144e-01 1.290065216729067987e-01
7.054529954028905259e-01 2.622117798391764842e-01 4.994906381094462722e-01 5.324344762694215305e-01 9.984484684187053261e-02 7.771067972601379825e-01 5.220001756998844389e-01 6.324151576977257161e-01 5.521826368747779767e-01 2.862973822578943617e-01 7.490936315534501011e-01 2.444208678077445795e-01
3.678482038758808526e-01 7.827078430091363170e-01 1.677970266990713721e-02 1.065096150750137749e-01 7.404098484162786598e-01 4.494844144090401894e-01 1.889054063563916711e-02 3.987875777920822373e-01 9.438692290722797695e-01 3.873935139001198347e-01 7.028013289522259122e-01 8.180491213494327507e-01
1.914940495331065862e-01 6.265266036438470465e-01 1.570810650386743612e-01 8.934019708617089162e-01 3.568587244262731439e-01 8.536684394456399705e-01 4.389231604441231616e-01 1.678898408933626463e-01 4.845326119585010027e-01 8.341553444838962772e-01 5.557146282340514887e-01 5.776706376833782297e-01
4.329926201806635899e-01 7.964999128771135251e-01 1.372069792012433898e-01 2.182137175528643391e-01 1.212860032113236841e-01 3.107791871091013514e-01 1.133037819150081865e-01 nan 8.508496386638113584e-01 9.496068338127410247e-01 4.864481507295602136e-01 2.231055901805900354e-01
8.720476234280010175e-01 5.104456654535718396e-01 3.378247343241813083e-01 5.752228489999433592e-01 8.968491926740733700e-01 9.643167539089121387e-01 8.936442004897652280e-01 1.667560990705809487e-01 7.649635587689717076e-01 6.547448869407699323e-01 7.968433656691055467e-02 3.263581303068336936e-01
7.147951640482431701e-01 4.733032583038413454e-01 3.309395783827863147e-01 5.904992228893630318e-02 1.662620259059936489e-01 9.107728638091313611e-01 2.591615149529514217e-01 4.159985435412690002e-02 7.419646225053295741e-01 8.611809502671035066e-01 4.192613797863865011e-01 7.289562414049374217e-01
5.720913124883919565e-01 7.365528208197660298e-01 1.662468607949551813e-01 1.048687244703592619e-01 9.999938916307441472e-01 9.431679487485117308e-01 6.590184933298786074e-01 2.589311723861563164e-01 8.725024211113511230e-01 9.423713690505092222e-01 3.114775711749289133e-01 nan
9.146602639503500498e-01 6.857874560976406908e-01 4.965793626575090713e-01 8.803874738770522956e-01 9.142375505388841139e-01 9.806236644647671197e-01 5.676344803372610492e-01 4.735352728110365783e-01 7.439130313607988931e-01 9.636300058474380759e-01 2.993712511426930289e-01 3.601192695585511139e-01
8.191253970270229168e-01 7.158047508204283815e-01 5.545450205936104382e-01 3.672472190577918266e-02 8.967075684191269103e-01 5.405556590992399713e-01 7.291545570372985896e-01 1.311472906692159358e-02 1.696816726715954793e-01 7.402170720204832577e-01 nan 2.469069242345170098e-02
3.124053961290637615e-01 3.602828909076147834e-01 2.003304157737127375e-02 4.575527980321154181e-02 3.266173704782263654e-01 4.341273800542644334e-01 6.234281474020875874e-02 3.191589030009253647e-01 2.782115029644480209e-01 7.897735391182681974e-01 4.293145783549787708e-01 8.667537042900326227e-01
5.194679335867663506e-01 7.428697309028950979e-01 2.776465421519802579e-01 9.546308729176735675e-01 8.659703372051188452e-01 7.256565432475393651e-01 8.038975153854948097e-01 1.422994269209572060e-01 6.705080947087944665e-01 5.218229354176977530e-01 7.666744807473909740e-01 5.403948428185302300e-01
7.349263314135452418e-01 7.125101530527879756e-01 2.590837154601554615e-01 2.892268954226612232e-01 1.756962610348082598e-01 7.560803309346042500e-01 5.327481993396563364e-01 9.634042253802160838e-01 3.823783574559629916e-01 5.147143493999247754e-01 1.303459946919313661e-01 9.019951269264102622e-01
5.352104335211735897e-01 3.877955388719945412e-02 2.911876269142329304e-02 3.276354072872319501e-01 4.624640635354338447e-01 4.528880783022925516e-01 7.038105789897201037e-01 2.298701124001097384e-01 1.031891476008620495e-01 4.727398346828390330e-01 4.782298541222242960e-01 5.293637397865353922e-01
2.050059303579782610e-01 4.122124133093983400e-01 4.932999916657181821e-02 1.218742671779158432e-01 8.667829001993672122e-01 6.446132815951797213e-01 5.648243517055067109e-01 3.147107567877622247e-01 4.220523387118640390e-01 6.264234671702180179e-01 2.419744758387270267e-01 4.655584226315234164e-01
3.999499566381849447e-01 7.846747013927470871e-01 4.952246539128907915e-02 8.294124664298789806e-01 9.419519574514871874e-01 6.745224360536299368e-01 1.074699615572200229e-01 9.258522380759937054e-01 4.844174450954776279e-01 3.451241529912886796e-01 6.140652468693095223e-01 5.359359338601938916e-01
7.029680332278923638e-01 5.697718466476514587e-01 5.577272822315584161e-02 3.820427532457803532e-01 9.641671021455145985e-01 3.288598654042999003e-01 3.583467887254049855e-01 3.931378325421124309e-01 8.050216301401114105e-01 3.121254696810193963e-01 8.076254217567877536e-01 7.974943376674821227e-01
7.158614325492370645e-01 8.500143626197556035e-01 6.310337734613826743e-01 8.784771708702658888e-01 7.563834188165761141e-01 5.957904762680039656e-01 2.727648673598182527e-01 5.521408632129005678e-01 4.970286830466727479e-01 8.243358603804429308e-01 4.977100305327977203e-01 7.133187498251039038e-01
6.783233727813732239e-01 1.763776130299784251e-01 7.107241923541308959e-02 9.962467126238149229e-01 6.550284710421736545e-01 2.289230261160050128e-01 7.011237515712029911e-01 9.903115643922438815e-02 8.223112279260753610e-01 7.550493427181041994e-01 3.303747478560662421e-01 8.778368278971583338e-01
6.831559485851241842e-01 5.846727552945473194e-01 2.197464388973773552e-01 9.206705265195435084e-01 3.673966365322836047e-01 5.793223459530916220e-01 8.131439019035129334e-01 4.337834509242196601e-01 3.586665516732565062e-01 6.059205162038661108e-01 9.618805337035208902e-01 5.128888483270818144e-01
2.013195486575600490e-01 8.993596624151928287e-01 3.067998780702937967e-01 4.996391705795930754e-02 2.617363362148827921e-01 2.999302131719580045e-01 4.633310609943467329e-01 9.914968647340637320e-01 9.380524006373790469e-01 2.311138555062942912e-01 5.222291953031433787e-01 2.365147055782639007e-01
2.416483207717630977e-01 4.062946881859910153e-01 8.165606123244016912e-01 9.965984703539323419e-01 9.402183936263844855e-01 7.917204752840287796e-01 1.038430470245820109e-01 2.841376763773900138e-01 2.222906533417963737e-01 5.698777902289748898e-01 9.018281308341908886e-01 3.788818045931076628e-01
9.906103393797084378e-01 9.780393531335993540e-01 9.053926349566319143e-01 7.729968213362092833e-01 1.283926826923473263e-01 7.854219732837244283e-01 3.056517632568396814e-01 5.250676998147203456e-01 4.637866993685673678e-01 5.884953806613716365e-01 6.966409111717977165e-01 8.671395317503447497e-01
1.563328354424150801e-01 5.583634486875129754e-01 6.831784203005510925e-01 5.044700749914421412e-01 8.260180216035739598e-01 2.684699120674253203e-01 7.905758905380998458e-01 3.696686501906010780e-01 4.571162919911976319e-01 1.658281583444289886e-01 5.075158045955570074e-01 9.661161068069419600e-02
7.352259165159077958e-02 1.649112526869654372e-01 5.842535310595866616e-01 6.372020115864948098e-01 5.644479172119560850e-01 1.675056272254510370e-01 9.195443518592959498e-01 7.236239395843083178e-02 3.404116762295111842e-01 6.647875894475216985e-01 6.584356160424544857e-01 7.698584656537145188e-01
7.263546776341491817e-01 5.617282459164880670e-01 9.039629908164862337e-01 3.200053577327709453e-01 1.240895635663253616e-01 3.916749527599898140e-01 1.353927671265401089e-01 3.874076427531381039e-01 1.194136006773832415e-01 2.324539826897318029e-01 6.769533488853067826e-01 9.537380389813862047e-01
7.226640619046952319e-01 5.214423879068954548e-01 9.348720905248365520e-01 4.740090099014114544e-02 7.073072094111386710e-01 4.762307196930142678e-02 6.405132303175077590e-02 1.853328008637399743e-02 7.773805063246592706e-01 6.984794892286899648e-01 8.589216675096366105e-01 6.534311240008759958e-01
6.899135927849254779e-01 3.942841259548063859e-01 7.504631939559741616e-02 2.024495462236221566e-01 8.324968212769677800e-01 8.668664390901299477e-01 9.693662051845403083e-01 9.433054719483336958e-01 2.601354341087159031e-02 3.067286552667288224e-01 3.854000127843822954e-01 1.454331353600111371e-02
3.469192595216877284e-01 1.784886418212804360e-01 4.093820220088852380e-01 3.979850458242410460e-01 1.425790544222990397e-01 2.305628208178674421e-01 5.703715945437664026e-01 3.881736625191481993e-01 1.193195086127080556e-01 2.769955490426634359e-01 4.373228104295862062e-01 3.830067715648182713e-01
1.374137776946316725e-01 3.050046406854586278e-01 3.481879102521303060e-01 5.720629736089830608e-01 8.389621727705361964e-01 3.568917164071050974e-01 2.452962242445127783e-01 5.789295254568946891e-01 2.010346015281289922e-01 5.028165755074978094e-01 4.890129409816095230e-01 3.119197024981523181e-01
7.574799738310669106e-01 4.123274179334920908e-01 7.348641100300306039e-01 5.753192902210105819e-01 8.721370569864285160e-01 5.670955777429180777e-01 5.331148022015645971e-01 4.659115533148822097e-01 6.896371449624399963e-01 8.582118935632342405e-01 1.387901918268465151e-01 4.714935966125042288e-01
5.113597409807477678e-01 5.706340076816174278e-01 5.356791615505713811e-01 7.127278052733332370e-01 7.235607398907266397e-02 9.795937095028764974e-01 2.715067975173730552e-01 5.686921242469445970e-01 4.704831335473249054e-01 2.195944696682083919e-01 9.657105198027318149e-01 1.876401775902694358e-01
9.669571973520294517e-01 5.845011256929660837e-01 5.856531314976369806e-01 5.289131233719822633e-01 4.848689808219897590e-01 2.974140755542747372e-01 4.607127885860525796e-01 2.683268658299550746e-01 9.500404154049531258e-02 8.073240987526588697e-01 1.458432318626724511e-01 2.497921942787745542e-01
8.035098924712247292e-01 9.082557826309830551e-01 1.477883038142816241e-01 8.811977797577384974e-01 4.745132533599710767e-01 1.928146520833133037e-01 3.048905898794123104e-01 3.995552537342544341e-01 8.412245090296800454e-01 7.590532963280657297e-01 9.392322954818611569e-01 9.143050671798228501e-01
7.374102141541689637e-01 2.623550842843850872e-01 5.352255579604537905e-01 8.564858710265007558e-01 5.394388822411537721e-01 9.009546118918914104e-01 7.516673789267831474e-01 8.687518771117341831e-01 4.039605854415055375e-01 9.326601006947938810e-01 1.848848144438676178e-01 3.448732163229041858e-01
6.535202451281720837e-01 2.563278476374555304e-01 5.249796890124112103e-01 5.411862337258844802e-01 8.466707750135165078e-01 7.473849164812085277e-01 7.107759503777699717e-02 4.318797867510861255e-01 3.746312005739340090e-01 9.020908717768817420e-01 1.520691397928791155e-01 1.828149332458792464e-01
8.196275159334038829e-01 2.700967735074684684e-01 5.451526815890944677e-01 5.630890335595595264e-01 6.567265634655234940e-01 9.254734066307743756e-01 6.633504720016634160e-01 4.616837887200633816e-01 6.385744997613092000e-01 2.979821033914669126e-01 5.777589736553292443e-01 9.796496509935577190e-01
6.832247996135386581e-01 9.514802147341597793e-01 9.653107507380795926e-01 5.475907473979135104e-02 3.340170013377858904e-01 5.543614376707618058e-02 5.474062972249933434e-01 3.042827600425590528e-01 9.560966955579175419e-01 3.343608358369733469e-01 9.534774904844414145e-01 4.733608731037173278e-01
8.613571405953537319e-01 8.439314866932266790e-02 1.065571587702531242e-01 2.783011562030276997e-01 4.657155568980201887e-01 6.199195984158918371e-01 3.540518806449233224e-01 7.129541629939877279e-01 8.159629630907239140e-01 9.810047837018774919e-01 5.250564687434943201e-01 4.987861806622979621e-01
4.413677431797830564e-01 5.870925934262580803e-01 4.923853231721200818e-01 6.844995179566966126e-01 9.239639489822758234e-02 6.223535093976213517e-01 2.975212003658246895e-01 6.756980503977568775e-01 1.747557860920555817e-01 8.507674505018493205e-01 7.299049896601397802e-02 7.492087796932612731e-01
2.043116208183496929e-01 nan 6.550771194117166463e-01 7.048369663577044308e-01 5.555977945357816195e-01 3.417289753030815502e-01 8.744808843560256673e-01 8.299871333864869971e-01 8.435841766918400486e-01 9.035703721311497683e-01 4.567274068530848274e-01 7.431153860115066179e-01
6.023930494082406772e-01 7.806754246663724084e-01 2.181514085104867828e-01 1.217886474107484074e-01 7.647397145418566300e-01 8.963630531518282929e-01 9.233791145233036790e-01 3.563808858093548554e-02 1.447702223004123656e-01 1.220595148985043205e-01 4.733760430537562458e-01 7.518497548813407594e-01
2.497922447318911277e-01 4.243375753066728207e-01 9.668919286656331158e-01 7.009522888885967307e-01 9.687282697346145666e-01 4.363644001173591636e-01 3.606595026193497311e-02 6.338639331236236574e-01 7.977947638580602518e-01 2.042495055730771947e-01 8.742393383227188286e-01 4.626544483813517239e-01
7.383911541524046385e-01 7.431285852094807742e-01 3.007640159354507334e-02 4.418462576900608618e-01 9.144518012827790310e-02 3.139714641172477311e-02 8.816864330543189299e-01 5.755001260497342175e-01 3.042058469863866410e-01 5.559783014508128396e-01 3.236569127356513365e-01 2.939939815058542627e-02
3.581637341375802364e-01 2.879380198380710257e-02 5.679260725823456202e-01 2.367218560598252086e-01 2.309952370269521271e-01 8.298820838188049054e-01 3.576724432000999987e-01 8.845931638747839276e-01 7.789838340614956280e-01 4.069005257129504338e-01 1.971717707550632304e-01 5.005671966705479425e-01
1.045626568575889898e-01 6.874933133004483832e-01 4.544709473056291610e-02 2.617095452017684787e-01 4.562406036360712180e-01 3.182571973550080147e-01 9.317607064835455866e-01 6.248512018213336905e-01 6.287185144736068265e-01 8.139763025378309036e-02 3.956380887274951741e-01 7.753452061701305853e-01
6.060970221442688599e-01 8.171382990074729236e-01 1.765282237452062974e-01 9.169105754648554374e-01 6.008299718390291977e-01 7.970112621128909725e-01 6.907447638310786342e-01 2.964049405541762132e-04 6.138817913559577732e-01 7.567681719441827770e-01 6.877414409603962997e-02 6.809494258254775723e-01
2.331627614003689286e-01 7.020444680393991277e-01 5.999644840730642414e-01 6.471429010763297685e-01 7.204793753693526648e-02 3.980360844024513622e-01 4.801643227878037989e-01 8.665406853049422153e-01 2.561417623405121691e-01 5.302801059449629983e-01 9.447649082226171335e-02 1.775815629205872992e-01
nan 2.856257732661192650e-01 1.989930549736777798e-01 5.331761925482660092e-02 8.901653316366370250e-01 6.422717655943013249e-01 3.536320008890822542e-01 3.345100033282316088e-01 5.995983391655854700e-01 5.896772181706999051e-03 8.477471561242571063e-01 8.950795889053174692e-01
5.481476754351313208e-01 9.030100328733488002e-01 4.379233975515579580e-01 8.008828551506328441e-01 1.865919274667723338e-01 2.579130630058512064e-01 7.304969600562138954e-01 7.539519173732915913e-01 9.720485949607812204e-01 4.081650576991717183e-01 6.323056832007767358e-01 4.544088066097959344e-01
8.928698510679966560e-01 3.951809043462528592e-02 3.385329290366790311e-01 3.922966152481493496e-01 1.800739959334790585e-01 2.883895199855540104e-01 7.360188136007445037e-01 9.234233709378525390e-01 7.657305686908412179e-01 9.591255770763055244e-01 2.553150324308164354e-01 1.630014127897469467e-01
3.239572462087734334e-02 7.674166418515452337e-01 1.593978878747831229e-01 9.976951240872410365e-01 9.837829061432328270e-01 5.240880076047189640e-01 7.442261709100810307e-01 8.225920970737568005e-01 2.834788644191396090e-01 5.702116219716358847e-01 1.319836290230988474e-01 3.417621231235749013e-01
1.745559658937416991e-01 5.462908881280836848e-01 2.809657386224484465e-01 9.570487655884285516e-01 9.832707024296497567e-01 4.242523081939888474e-01 8.664724179311925623e-01 3.440722781803952357e-02 4.423490779498692183e-01 2.404107373361849820e-01 9.398914052834783650e-01 6.243109989119609571e-01
7.287507253434011290e-01 5.984154903015710403e-01 5.304578036829389331e-01 1.108012537705317796e-01 2.487454752103550049e-01 4.884801737324337978e-01 7.457490829346651307e-01 2.845562636127202394e-02 1.225641169598605390e-01 4.650496788732234044e-01 4.128874170764307849e-01 4.868442410174902979e-01
3.136525286285815062e-01 5.902409287186979325e-01 2.814247305175578417e-01 9.743254261435128072e-01 1.071452823327163767e-01 4.324827288847544193e-01 7.578381860853016239e-01 6.324151576977257161e-01 7.430171630582189657e-01 3.690098706067008183e-01 8.004241666686204848e-01 9.949899356051625787e-01
9.552349213061698263e-01 6.583224149937254577e-01 3.416350624077184039e-01 3.003377561829804199e-01 5.019630664257984654e-01 4.550309246554639087e-01 1.855469564092879775e-01 6.216906063607718913e-01 1.979210192031985727e-01 5.850918160837714765e-01 4.947361448921237803e-02 5.095319400431137513e-01
5.582132626222121585e-01 4.204027149029550547e-01 nan nan nan nan nan nan nan nan nan nan
